START
10010001 0.010000 455807 250000 53789
10010002 0.010000 1937937 1050000 286425
10060001 0.010000 90372 50000 1591
10060002 0.010000 90372 50000 101
20010001 0.010000 7952637 4250000 2994667
20010002 0.010000 455807 250000 125893
20010005 0.010000 455807 250000 173224
20010006 0.010000 32360772 17050000 7415133
20010007 0.010000 455807 250000 152706
20010008 0.010000 1937937 1050000 408089
20010009 0.010000 90372 50000 1454
20010010 0.010000 90372 50000 41027
20010011 0.010000 1937937 1050000 319911
20010012 0.010000 455807 250000 116284
20010013 0.010000 1937937 1050000 573489
20010014 0.010000 1937937 1050000 428363
20010015 0.010000 90372 50000 3055
20010016 0.010000 90372 50000 987
20010018 0.010000 1937937 1050000 323194
20010020 0.010000 90372 50000 3677
20010021 0.010000 1937937 1050000 443467
20010022 0.010000 90372 50000 6759
20010023 0.010000 90372 50000 295
20010024 0.010000 7952637 4250000 1804603
20010025 0.010000 1937937 1050000 316437
20010026 0.010000 1937937 1050000 793655
20010027 0.010000 1937937 1050000 774984
20010028 0.010000 455807 250000 110056
20010029 0.010000 455807 250000 107494
20010031 0.010000 7952637 4250000 2739611
20010032 0.010000 1937937 1050000 287181
20010033 0.010000 90372 50000 4945
20010034 0.010000 455807 250000 128680
20010035 0.010000 90372 50000 21550
20010036 0.010000 7952637 4250000 3411699
20010037 0.010000 90372 50000 21289
20010038 0.010000 90372 50000 39540
30020003 0.010000 90372 50000 158
30020004 0.010000 90372 50000 207
30020006 0.010000 90372 50000 2
30020007 0.010000 90372 50000 36047
30020008 0.010000 90372 50000 82
30020010 0.010000 90372 50000 525
30020011 0.010000 90372 50000 164
30020012 0.010000 90372 50000 121
30020013 0.010000 90372 50000 2
30020014 0.010000 90372 50000 19
30020015 0.010000 90372 50000 677
30020018 0.010000 90372 50000 119
40010009 0.010000 90372 50000 48
40010010 0.010000 90372 50000 3123
40010012 0.010000 90372 50000 46
40010013 0.010000 90372 50000 1
40010014 0.010000 90372 50000 126
40010016 0.010000 90372 50000 593
40010019 0.010000 90372 50000 652
40010024 0.010000 90372 50000 187
40010032 0.010000 90372 50000 12391
40010033 0.010000 90372 50000 355
40010034 0.010000 90372 50000 2979
40010035 0.010000 90372 50000 16
40010036 0.010000 90372 50000 7
40010038 0.010000 90372 50000 94
40010039 0.010000 90372 50000 242
40010041 0.010000 90372 50000 266
40010044 0.010000 90372 50000 40403
40010045 0.010000 90372 50000 3415
40010054 0.010000 90372 50000 729
40010057 0.010000 90372 50000 11306
40010060 0.010000 90372 50000 34
40010064 0.010000 90372 50000 29
40010068 0.010000 90372 50000 101
40010078 0.010000 90372 50000 8609
40010079 0.010000 1937937 1050000 851003
40010103 0.010000 90372 50000 5362
40010105 0.010000 455807 250000 93777
40010106 0.010000 90372 50000 553
40010107 0.010000 90372 50000 4761
40010108 0.010000 1937937 1050000 671130
40010144 0.010000 90372 50000 5310
40010232 0.010000 90372 50000 183
40010233 0.010000 90372 50000 140
40010235 0.010000 90372 50000 451
40010245 0.010000 90372 50000 271
40010246 0.010000 90372 50000 144
40010248 0.010000 90372 50000 2
40010249 0.010000 90372 50000 128
40010264 0.010000 90372 50000 85
40010319 0.010000 90372 50000 130
40010320 0.010000 90372 50000 365
40010321 0.010000 90372 50000 1
40010322 0.010000 90372 50000 94
40010323 0.010000 90372 50000 4
40010324 0.010000 90372 50000 34317
40010326 0.010000 90372 50000 62
40010327 0.010000 90372 50000 5
40010328 0.010000 90372 50000 728
40010329 0.010000 90372 50000 60
40010330 0.010000 90372 50000 83
40010331 0.010000 90372 50000 80
40010332 0.010000 90372 50000 8
40010333 0.010000 90372 50000 2865
40010334 0.010000 90372 50000 53
40010335 0.010000 90372 50000 51
40010337 0.010000 90372 50000 462
40010340 0.010000 90372 50000 69
40010341 0.010000 90372 50000 28
40010344 0.010000 90372 50000 2
40010352 0.010000 455807 250000 152265
40010353 0.010000 90372 50000 5565
40010355 0.010000 455807 250000 65474
40010357 0.010000 1937937 1050000 522970
40010398 0.010000 90372 50000 6
40010399 0.010000 90372 50000 537
40010402 0.010000 455807 250000 237656
40010405 0.010000 90372 50000 272
40010407 0.010000 90372 50000 2
40010408 0.010000 90372 50000 1073
40010409 0.010000 90372 50000 23
40010414 0.010000 90372 50000 264
40010420 0.010000 90372 50000 27125
40010612 0.010000 90372 50000 31
40010624 0.010000 455807 250000 235186
40010625 0.010000 90372 50000 3
40010626 0.010000 90372 50000 93
40010627 0.010000 90372 50000 72
40010628 0.010000 90372 50000 10636
40010630 0.010000 90372 50000 51
40010631 0.010000 90372 50000 254
40010634 0.010000 90372 50000 67
40010635 0.010000 90372 50000 6
40010636 0.010000 90372 50000 164
40010642 0.010000 90372 50000 1
40010644 0.010000 90372 50000 1878
40010645 0.010000 90372 50000 34
40040001 0.010000 90372 50000 29397
40040002 0.010000 90372 50000 816
40040003 0.010000 90372 50000 4350
40040004 0.010000 90372 50000 630
40040005 0.010000 90372 50000 265
40040006 0.010000 90372 50000 3725
40040007 0.010000 90372 50000 5188
40040008 0.010000 90372 50000 2059
40040009 0.010000 90372 50000 2296
40040010 0.010000 90372 50000 2480
40040011 0.010000 90372 50000 1768
40040012 0.010000 90372 50000 631
90000002 0.010000 90372 50000 4
END
